X,Y,Tangent X,Tangent Y,Fixed Theta,Name
0.762,-2.286,0.6347750938584684,0.0,true,
2.773470567401006,-2.0998316922858966,1.1692550850969865,0.020604250933198915,false,
4.267567046822979,-2.1559682652121555,0.5095473542537361,-0.48795636466671377,true,
4.746887015654885,-3.0455170361974924,-1.6152508298220938E-4,-0.587405935760561,false,
4.297794432244811,-3.9177930155132112,-0.5150025683265579,-0.3640482306262745,false,
3.0196078486930653,-3.758019692569243,-0.1295459375221375,0.21159169795282295,true,
2.857,-2.985062265353829,0.4188651979882412,0.4361379896578592,true,
3.49892781752497,-2.307105192321315,0.48747099624879164,0.2791383707542672,false,
4.284839838492598,-2.091195296451087,0.7475507696478704,0.07377892593257825,false,
5.736270323212536,-2.4272915098716425,0.832163499508382,0.10199852392265196,false,
6.79371282850464,-2.0048313381029965,0.6045477084366366,0.4663653750796912,true,
7.182350641071048,-1.283692285896437,0.013134461493104155,0.5370393401492448,false,
6.188780246404454,-0.5889699469044796,-0.5959113126018272,-0.047500177091450047,true,
5.213252390734575,-1.3916472338315506,0.004318197917404731,-0.2331826875398455,true,
5.557151811949069,-2.2858821588741685,0.41454700007083733,-0.6045477084366375,true,
6.80234922433945,-3.3261999008287884,0.932730750159382,-0.4534107813274768,true,
8.09349040164341,-3.701883119642984,0.42750159382304886,0.03454558333923696,true,
8.644,-2.9936986611886383,0.1770461146135851,0.950003541829,true,
7.88621690160799,-2.0307405256074236,-0.5138655521711417,0.025909187504427056,true,
6.613008299396876,-2.389582349605649,-1.6279606148615136,-0.01295459375221375,true,
3.796883473825884,-1.87528540058086,-1.94990400133335,0.0556908487919406,false,
0.762,-2.286,-0.7254572501239641,-0.051818375008854556,true,
