X,Y,Tangent X,Tangent Y,Fixed Theta,Name
0.8623613588329294,-2.295309448940667,0.6296472338315506,-0.0038324006516963216,true,
1.654253724418784,-2.1727546780761893,0.748880874932072,0.31979631114679974,false,
2.417864219805144,-0.5606880767049847,-0.27339141192844973,0.2074003814629619,true,
2.1821819681426877,-0.6361063972369708,0.08484561059848428,-0.5090736635909069,true,
2.4555733800711375,-1.7296720449507703,0.23371684761508438,-0.581206253642286,false,
2.8043831125315735,-2.408436929738646,0.17519046945111172,-0.408515525609074,false,
3.002356203928038,-2.9457924635290476,0.2660349831051414,-0.5132628050907957,false,
3.805519869660693,-3.814156265495502,0.8593213855635051,0.21590989587022724,true,
4.3693132635702865,-3.5679936079179333,0.18854580132996546,0.3770916026599309,true,
4.454158874168771,-1.4939897932883135,-0.08426165585464743,0.9405955129796345,false,
4.3504586834372905,-0.7398065879684519,0.3276887943290685,0.12084700862928573,false,
4.6087046822979385,-0.6964173691294184,0.36395514552823727,0.10744742222493886,true,
4.765259446363214,-0.711524717768957,0.22625496159595837,-0.10370019073148107,true,
4.6332773854322395,-2.33301860920666,0.06481248774370532,-0.9478846931235686,false,
4.859160161507402,-3.5593825883686336,0.4881584252632539,-0.4519457573125668,false,
6.085528370050295,-3.701883119642984,0.5619434141682949,0.09592303408400238,false,
6.556444558997885,-3.5679936079179333,0.975248792610881,0.4020040376350852,false,
6.7638449404608485,-1.2111710912933655,-0.2061208460777375,0.8924165231193092,false,
6.669572039795865,-0.8717886488994278,0.07318853583404872,0.16013773399620645,false,
7.046663642455797,-0.7680884581679467,0.2828187019949482,-0.44308263312541873,true,
7.395473374916232,-1.6165445641527914,0.20740038146296147,-0.60334656425589,true,
7.8197014279086545,-2.1161909376771995,0.33625760517028336,-0.21202396258870704,false,
8.382,-2.286,0.7513664376283913,0.0,true,
