X,Y,Tangent X,Tangent Y,Fixed Theta,Name
0.762,-3.81,3.048,0.0,true,
1.852226815815248,-3.7848212794473937,0.6151494442955947,0.3411160971170467,false,
2.2198911284086806,-2.3424458992731583,0.47500177091450047,0.5181837500885456,true,
3.662266508582916,-1.9087905562142375,0.3238648438053411,0.03022738542183201,true,
4.6332773854322395,-1.9559270065467291,0.732176634475266,-0.03476894662507256,false,
5.858825094077014,-2.0124907469457187,0.08636395834809107,-0.038863781256640806,true,
6.226489406670447,-2.1444728078766944,0.179118511263467,-0.5090736635909068,true,
6.660144749729366,-2.9929289138615394,-0.04318197917404465,-0.5095473542537374,true,
7.027809062322799,-3.7848212794473937,0.3732066484509611,-0.2700149730942492,false,
7.631155626578688,-3.9639397907108607,0.4361379896578583,-0.11227314585251857,true,
8.771447474675922,-3.058471629949707,0.012954593752214194,0.2806828646312969,true,
8.074238259704108,-1.9276451363472342,-0.8204576043068625,-0.1597733229439684,true,
7.057122901466317,-1.9184673797549054,-0.4860090677519736,-0.30852384934149124,false,
6.660144749729366,-2.917510593329553,0.0,-0.7384118438761775,true,
6.694394276404336,-3.8487018488347386,-0.3132705249185386,-0.28156119052691597,false,
5.8739366720974715,-3.896202025926188,-1.1263299579997077,-0.05760870298910098,false,
3.3134567761224805,-3.973367080777359,-0.6884078732811982,0.18132624810272802,true,
2.248172998608176,-3.718830248981906,-0.3678435571873331,0.3952936394628411,false,
1.9653542966132274,-3.1249109747925146,-0.10370019073148162,0.5656374039898968,true,
1.6731083045517807,-2.248172998608176,-0.6693375947213773,0.19797309139646435,true,
0.762,-2.286,-0.4534107813274776,-0.01727279166961848,true,
